184

2
191
1345
60
500

33
4
1890
699
66

33
707
1794
326
96

33
1027
1697
245
98

10
900
1691
78
98

10
1475
1786
78
98

33
1281
1889
409
47

33
1216
1781
62
161

33
1891
1889
147
42

33
1986
1452
55
433

7
1905
1797
76
90

14
1695
1890
192
88

33
1537
1449
62
111

33
1540
1376
152
52

33
1893
1377
153
50

33
1537
939
61
430

33
1986
941
62
429

7
1902
1283
76
90

8
1607
1282
76
90

33
1537
863
156
50

33
1891
865
282
48

33
1539
537
57
315

33
1601
512
383
23

33
1985
512
541
59

33
2177
770
186
91

33
2527
513
94
119

33
2367
834
128
69

33
2785
515
442
182

33
2495
897
896
50

33
3231
515
1056
56

33
3327
952
61
125

33
3071
1088
62
285

33
3145
1057
119
44

19
3425
1375
672
64

18
3073
1627
672
64

19
3425
1886
672
64

33
4001
1025
80
336

22
4001
864
34
160

33
4036
834
125
25

33
4164
675
87
162

33
4546
573
61
266

33
4293
519
310
49

33
4258
834
285
56

33
3074
1376
184
58

10
3168
1274
78
98

10
3780
1274
78
98

33
3073
1441
61
180

33
4002
1442
76
179

33
3873
1632
212
66

33
3074
1695
59
189

22
4003
1719
34
160

33
3077
1886
184
54

10
3165
1785
78
98

10
3172
1530
78
98

10
3905
1531
78
98

10
3913
1784
78
98

33
3078
1951
53
481

33
3426
2240
220
252

33
3650
2307
120
113

33
4034
1956
62
178

33
4130
2082
407
85

33
3776
2400
798
53

33
4545
2050
93
246

13
4576
2302
64
96

33
4641
2047
453
27

33
5091
2076
187
219

13
5089
2304
64
96

5
4983
2302
92
94

33
5283
2397
866
56

33
4578
2400
542
41

33
5282
2232
473
64

33
6148
2012
53
382

33
5685
1635
71
594

33
6147
1956
562
57

29
6134
1849
588
102

10
6350
1755
78
98

33
6660
2016
51
376

33
6659
2400
955
49

33
7041
2016
63
371

33
7037
1953
577
60

29
7031
1852
588
102

28
7680
1883
191
128

27
7841
2205
158
192

33
7556
2016
54
377

33
7615
1980
95
34

33
7824
1981
112
30

33
7939
2016
53
191

35
8448
2205
62
190

33
7617
2398
971
52

33
7940
1955
568
69

33
8450
2025
56
173

29
7926
1850
588
102

9
7136
1667
78
74

9
6601
1650
78
74

9
6831
1780
78
74

9
5978
1646
78
74

10
7336
1751
78
98

9
7633
1620
78
74

9
7961
1609
78
74

10
8234
1754
78
98

36
5601
2261
64
160

36
5280
2265
64
160

33
8591
2398
1247
48

33
9844
2398
1099
53

12
10107
1581
513
359

33
10657
1693
215
442

33
10787
2140
87
155

36
10880
2257
64
160

36
11072
2259
64
160

33
10946
2395
313
49

33
10877
2237
416
57

13
11233
2301
64
96

13
11743
2302
64
96

33
11969
2303
125
216

33
11200
2048
637
27

33
11233
2077
60
162

33
11744
2078
93
220

33
11839
2047
451
61

4
11621
2227
120
168

33
12225
2114
60
501

33
11776
2494
66
124

33
11847
2495
119
53

33
12226
2619
60
130

33
11774
2624
32
519

17
11905
2751
380
64

20
11872
2942
256
64

33
12256
2751
33
523

21
11937
3134
256
64

16
11774
3326
380
64

33
11775
3150
30
173

10
11930
2653
78
98

10
12073
3034
78
98

17
11969
3517
380
64

33
12257
3278
29
74

22
12257
3355
34
160

10
12152
3415
78
98

33
11776
3390
59
519

33
11778
3911
58
176

33
11971
3932
924
155

33
12478
3583
507
117

33
12223
3583
125
65

33
12352
3586
118
88

32
12896
3934
128
32

26
13024
3582
50
200

31
13120
3934
128
32

33
13153
3584
250
122

33
13249
3935
66
61

33
13569
3583
255
120

33
13664
3935
62
81

26
13440
3584
50
200

26
13855
3583
50
200

32
13315
3936
128
32

32
13728
3935
128
32

31
13537
3934
128
32

31
13953
3936
128
32

7
13248
3839
76
90

7
12223
3841
76
90

7
13666
3838
76
90

7
14081
3840
76
90

33
13984
3584
282
122

33
14084
3935
762
45

33
14271
3585
125
87

33
14402
3584
377
55

13
14816
3836
64
96

33
14782
3585
610
246

33
14848
3935
1016
48

13
15328
3833
64
96

33
15392
3586
480
19

33
15841
3614
29
317

3
15710
3635
104
188

33
12977
4002
45
88

33
13121
4002
46
84

33
13445
3968
91
52

33
13858
3970
93
51

33
11264
2399
702
93

24
6784
1887
100
50

33
6717
1981
317
32

33
5122
2393
160
38

42
3170
2374
32
24

33
3136
2399
128
78

33
513
1536
254
89

33
257
1520
254
175

33
256
1534
261
125

33
769
1536
765
22

