0			0			15872			4096			4			0			
0			0			7936			2048			4			0			
0			0			3968			1024			4			0			
0			0			1984			512			0			0			
1984			0			1984			512			0			0			
0			512			1984			512			0			0			
1984			512			1984			512			4			0			
1984			512			992			256			0			0			
2976			512			992			256			0			0			
1984			768			992			256			4			0			
1984			768			496			128			4			0			
1984			768			248			64			0			1			8		
2232			768			248			64			0			1			8		
1984			832			248			64			0			3			6		7		8		
2232			832			248			64			0			1			8		
2480			768			496			128			0			0			
1984			896			496			128			4			0			
1984			896			248			64			0			3			6		7		8		
2232			896			248			64			0			1			8		
1984			960			248			64			0			1			6		
2232			960			248			64			0			0			
2480			896			496			128			0			0			
2976			768			992			256			0			0			
3968			0			3968			1024			0			0			
0			1024			3968			1024			4			0			
0			1024			1984			512			0			0			
1984			1024			1984			512			4			0			
1984			1024			992			256			4			0			
1984			1024			496			128			4			0			
1984			1024			248			64			0			1			6		
2232			1024			248			64			0			0			
1984			1088			248			64			0			1			6		
2232			1088			248			64			0			0			
2480			1024			496			128			0			0			
1984			1152			496			128			0			0			
2480			1152			496			128			0			0			
2976			1024			992			256			0			0			
1984			1280			992			256			0			0			
2976			1280			992			256			0			0			
0			1536			1984			512			4			0			
0			1536			992			256			4			0			
0			1536			496			128			0			0			
496			1536			496			128			0			0			
0			1664			496			128			0			0			
496			1664			496			128			4			0			
496			1664			248			64			0			0			
744			1664			248			64			0			0			
496			1728			248			64			0			1			1		
744			1728			248			64			0			1			1		
992			1536			992			256			4			0			
992			1536			496			128			4			0			
992			1536			248			64			0			1			4		
1240			1536			248			64			0			1			4		
992			1600			248			64			0			1			4		
1240			1600			248			64			0			1			4		
1488			1536			496			128			0			0			
992			1664			496			128			4			0			
992			1664			248			64			0			2			2		4		
1240			1664			248			64			0			2			2		4		
992			1728			248			64			0			2			1		2		
1240			1728			248			64			0			2			2		3		
1488			1664			496			128			0			0			
0			1792			992			256			4			0			
0			1792			496			128			4			0			
0			1792			248			64			0			0			
248			1792			248			64			0			0			
0			1856			248			64			0			1			0		
248			1856			248			64			0			1			0		
496			1792			496			128			4			0			
496			1792			248			64			0			1			1		
744			1792			248			64			0			1			1		
496			1856			248			64			0			2			0		1		
744			1856			248			64			0			1			1		
0			1920			496			128			4			0			
0			1920			248			64			0			1			0		
248			1920			248			64			0			1			0		
0			1984			248			64			0			0			
248			1984			248			64			0			0			
496			1920			496			128			4			0			
496			1920			248			64			0			2			0		1		
744			1920			248			64			0			1			1		
496			1984			248			64			0			0			
744			1984			248			64			0			0			
992			1792			992			256			4			0			
992			1792			496			128			4			0			
992			1792			248			64			0			2			1		2		
1240			1792			248			64			0			2			2		3		
992			1856			248			64			0			2			1		2		
1240			1856			248			64			0			3			2		3		5		
1488			1792			496			128			4			0			
1488			1792			248			64			0			0			
1736			1792			248			64			0			0			
1488			1856			248			64			0			1			5		
1736			1856			248			64			0			0			
992			1920			496			128			4			0			
992			1920			248			64			0			2			1		2		
1240			1920			248			64			0			2			2		5		
992			1984			248			64			0			0			
1240			1984			248			64			0			0			
1488			1920			496			128			4			0			
1488			1920			248			64			0			1			5		
1736			1920			248			64			0			0			
1488			1984			248			64			0			0			
1736			1984			248			64			0			0			
1984			1536			1984			512			0			0			
3968			1024			3968			1024			0			0			
7936			0			7936			2048			0			0			
0			2048			7936			2048			0			0			
7936			2048			7936			2048			0			0			
