0			0			1042			295			4			0			
0			0			521			147			4			0			
0			0			260			73			0			0			
260			0			260			73			0			0			
0			73			260			73			0			0			
260			73			260			73			0			1			2		
521			0			521			147			4			0			
521			0			260			73			0			0			
781			0			260			73			0			0			
521			73			260			73			0			1			2		
781			73			260			73			0			0			
0			147			521			147			4			0			
0			147			260			73			0			0			
260			147			260			73			0			2			1		2		
0			220			260			73			0			1			0		
260			220			260			73			0			3			0		1		2		
521			147			521			147			4			0			
521			147			260			73			0			1			2		
781			147			260			73			0			0			
521			220			260			73			0			2			2		3		
781			220			260			73			0			1			3		
