0			0			1920			640			4			0			
0			0			960			320			4			0			
0			0			480			160			4			0			
0			0			240			80			0			1			3		
240			0			240			80			0			0			
0			80			240			80			0			1			3		
240			80			240			80			0			0			
480			0			480			160			0			0			
0			160			480			160			4			0			
0			160			240			80			0			1			3		
240			160			240			80			0			0			
0			240			240			80			0			1			3		
240			240			240			80			0			0			
480			160			480			160			0			0			
960			0			960			320			4			0			
960			0			480			160			4			0			
960			0			240			80			0			1			2		
1200			0			240			80			0			0			
960			80			240			80			0			1			2		
1200			80			240			80			0			0			
1440			0			480			160			0			0			
960			160			480			160			4			0			
960			160			240			80			0			1			2		
1200			160			240			80			0			0			
960			240			240			80			0			1			2		
1200			240			240			80			0			0			
1440			160			480			160			0			0			
0			320			960			320			4			0			
0			320			480			160			4			0			
0			320			240			80			0			1			3		
240			320			240			80			0			0			
0			400			240			80			0			1			3		
240			400			240			80			0			0			
480			320			480			160			4			0			
480			320			240			80			0			0			
720			320			240			80			0			0			
480			400			240			80			0			1			1		
720			400			240			80			0			1			1		
0			480			480			160			4			0			
0			480			240			80			0			2			0		3		
240			480			240			80			0			1			0		
0			560			240			80			0			2			0		3		
240			560			240			80			0			1			0		
480			480			480			160			4			0			
480			480			240			80			0			2			0		1		
720			480			240			80			0			1			1		
480			560			240			80			0			2			0		1		
720			560			240			80			0			1			1		
960			320			960			320			4			0			
960			320			480			160			4			0			
960			320			240			80			0			1			2		
1200			320			240			80			0			0			
960			400			240			80			0			2			1		2		
1200			400			240			80			0			0			
1440			320			480			160			0			0			
960			480			480			160			4			0			
960			480			240			80			0			2			1		2		
1200			480			240			80			0			0			
960			560			240			80			0			2			1		2		
1200			560			240			80			0			0			
1440			480			480			160			0			0			
