168

2
224
1534
60
500

10
850
1697
110
94

10
1410
1793
110
94

7
1927
1770
96
114

7
1896
1261
96
114

8
1588
1260
96
114

14
1696
1868
192
88

22
4003
856
34
160

10
3751
1280
110
94

10
3141
1280
110
94

10
3873
1536
110
94

10
3137
1537
110
94

10
3872
1791
110
94

10
3144
1792
110
94

10
3856
2305
110
94

18
3072
1627
704
64

19
3427
1371
672
64

19
3428
1884
672
64

22
4001
1759
34
160

42
3158
2361
32
24

13
4574
2299
64
96

13
5087
2299
64
96

5
4960
2294
92
94

36
5280
2265
64
160

36
5600
2264
64
160

2
5411
2048
60
500

29
6137
1856
588
102

9
5969
1687
78
74

9
6571
1591
78
74

9
6791
1774
78
74

9
7057
1701
78
74

10
6305
1762
110
94

10
7265
1760
110
94

9
7537
1600
78
74

24
6787
1880
192
96

29
7034
1856
588
102

9
7950
1644
78
74

10
8225
1761
110
94

28
7682
1884
191
128

34
7936
2202
128
190

27
7842
2200
158
192

24
8128
2304
192
96

35
8383
2203
128
190

29
7928
1856
588
102

12
9739
1710
513
359

36
10880
2266
64
160

36
11072
2265
64
160

13
11232
2300
64
96

13
11745
2299
64
96

4
11604
2220
120
168

17
11909
2747
380
64

17
11937
3516
380
64

16
11772
3319
352
64

20
11876
2941
256
64

21
11937
3132
256
64

10
12065
3040
110
94

10
12116
3424
110
94

22
12255
3359
34
160

7
12211
3818
96
114

7
13226
3817
96
114

7
13644
3819
96
114

7
14080
3817
96
114

23
13019
3577
96
96

23
13439
3583
96
96

25
13438
3680
96
288

26
13018
3673
96
288

32
12896
3931
128
32

32
13312
3931
128
32

32
13728
3929
128
32

31
13121
3932
128
32

31
13537
3931
128
32

31
13952
3931
128
32

3
15699
3650
104
188

13
14815
3835
64
96

2
14509
3582
60
430

23
13853
3581
96
96

25
13851
3680
96
288

33
1
1534
513
126

33
509
1536
261
95

33
1
1884
705
94

33
704
1790
324
190

33
1025
1693
258
288

33
770
1535
830
30

33
1278
1884
419
97

33
1890
1885
161
94

33
1536
1376
161
72

33
1889
1377
161
73

33
1980
1426
71
345

33
1536
1418
66
123

33
1535
861
164
78

33
1888
859
164
78

33
1534
916
64
482

33
1983
921
69
484

33
1536
509
63
365

33
1536
510
515
27

33
2017
859
163
98

33
1984
511
806
67

33
2175
767
194
191

33
2364
831
132
127

33
2528
566
96
72

33
2477
892
917
64

33
2783
514
452
188

33
3180
514
875
61

33
3071
937
321
211

33
4000
1020
96
385

33
3070
1119
67
289

33
3072
1376
193
63

33
3871
1631
195
67

33
3071
1421
65
515

33
4000
1404
97
356

33
3069
1886
193
62

33
4002
1912
96
130

33
3071
1945
64
487

33
3074
2398
192
94

33
3423
2238
231
257

33
3646
2300
131
189

33
4031
2041
549
127

33
4546
2048
94
250

33
3766
2397
843
95

33
4566
2042
577
39

33
4601
2397
521
95

33
5086
2048
674
251

33
5121
2397
643
99

33
6141
1956
580
489

33
5632
1537
126
512

33
6702
1975
373
41

33
7040
1956
577
501

33
7607
1978
91
35

33
7847
1982
128
35

33
7936
2004
64
197

33
7610
2396
1292
97

33
7936
1961
63
45

33
8449
1966
63
238

33
8892
2396
1274
93

33
10657
1889
224
229

33
10784
2049
511
252

33
10162
2396
1105
88

33
11266
2044
569
33

33
11240
2396
779
104

33
11744
2049
95
250

33
11819
2044
469
66

33
11968
2302
126
217

33
12225
2102
67
364

33
11773
2485
34
491

33
12225
2460
63
318

33
12257
2767
44
619

33
11767
2939
44
414

33
11772
3352
67
546

33
11772
3895
69
132

33
11967
3932
929
86

33
12226
3545
767
162

33
13151
3567
258
141

33
13248
3932
64
93

33
13440
3966
96
58

33
13566
3579
259
124

33
13665
3930
62
91

33
13851
3967
103
56

33
13984
3578
290
128

33
14265
3578
135
97

33
14081
3931
1235
93

33
14400
3579
714
71

33
14780
3580
611
254

33
15388
3580
480
32

33
15291
3931
596
95

33
15840
3602
20
330

13
15328
3834
64
96

33
5675
2397
1380
107

33
15245
3930
620
40
