0			0			15872			4096			4			0			
0			0			7936			2048			0			0			
7936			0			7936			2048			0			0			
0			2048			7936			2048			0			0			
7936			2048			7936			2048			4			0			
7936			2048			3968			1024			0			0			
11904			2048			3968			1024			0			0			
7936			3072			3968			1024			0			0			
11904			3072			3968			1024			4			0			
11904			3072			1984			512			0			0			
13888			3072			1984			512			0			0			
11904			3584			1984			512			4			0			
11904			3584			992			256			0			0			
12896			3584			992			256			0			0			
11904			3840			992			256			4			0			
11904			3840			496			128			0			0			
12400			3840			496			128			4			0			
12400			3840			248			64			0			0			
12648			3840			248			64			0			0			
12400			3904			248			64			0			1			0		
12648			3904			248			64			0			1			0		
11904			3968			496			128			0			0			
12400			3968			496			128			4			0			
12400			3968			248			64			0			1			0		
12648			3968			248			64			0			1			0		
12400			4032			248			64			0			1			0		
12648			4032			248			64			0			1			0		
12896			3840			992			256			4			0			
12896			3840			496			128			4			0			
12896			3840			248			64			0			0			
13144			3840			248			64			0			0			
12896			3904			248			64			0			2			5		8		
13144			3904			248			64			0			3			3		6		8		
13392			3840			496			128			4			0			
13392			3840			248			64			0			0			
13640			3840			248			64			0			0			
13392			3904			248			64			0			2			6		9		
13640			3904			248			64			0			3			4		7		9		
12896			3968			496			128			4			0			
12896			3968			248			64			0			2			2		8		
13144			3968			248			64			0			2			3		8		
12896			4032			248			64			0			1			2		
13144			4032			248			64			0			1			3		
13392			3968			496			128			4			0			
13392			3968			248			64			0			2			1		9		
13640			3968			248			64			0			2			4		9		
13392			4032			248			64			0			1			1		
13640			4032			248			64			0			1			4		
13888			3584			1984			512			0			0			
