0			0			15872			4096			4			0			
0			0			7936			2048			4			0			
0			0			3968			1024			4			0			
0			0			1984			512			0			0			
1984			0			1984			512			0			0			
0			512			1984			512			4			0			
0			512			992			256			0			0			
992			512			992			256			4			0			
992			512			496			128			0			0			
1488			512			496			128			4			0			
1488			512			248			64			0			2			21		22		
1736			512			248			64			0			1			22		
1488			576			248			64			0			1			21		
1736			576			248			64			0			0			
992			640			496			128			0			0			
1488			640			496			128			4			0			
1488			640			248			64			0			1			21		
1736			640			248			64			0			0			
1488			704			248			64			0			1			21		
1736			704			248			64			0			0			
0			768			992			256			0			0			
992			768			992			256			4			0			
992			768			496			128			0			0			
1488			768			496			128			4			0			
1488			768			248			64			0			1			21		
1736			768			248			64			0			0			
1488			832			248			64			0			2			19		21		
1736			832			248			64			0			1			20		
992			896			496			128			0			0			
1488			896			496			128			4			0			
1488			896			248			64			0			2			15		19		
1736			896			248			64			0			1			20		
1488			960			248			64			0			1			15		
1736			960			248			64			0			0			
1984			512			1984			512			4			0			
1984			512			992			256			4			0			
1984			512			496			128			4			0			
1984			512			248			64			0			1			23		
2232			512			248			64			0			1			23		
1984			576			248			64			0			0			
2232			576			248			64			0			0			
2480			512			496			128			4			0			
2480			512			248			64			0			2			23		25		
2728			512			248			64			0			1			27		
2480			576			248			64			0			1			25		
2728			576			248			64			0			1			27		
1984			640			496			128			0			0			
2480			640			496			128			4			0			
2480			640			248			64			0			0			
2728			640			248			64			0			1			27		
2480			704			248			64			0			0			
2728			704			248			64			0			0			
2976			512			992			256			4			0			
2976			512			496			128			4			0			
2976			512			248			64			0			1			27		
3224			512			248			64			0			2			27		29		
2976			576			248			64			0			1			27		
3224			576			248			64			0			1			27		
3472			512			496			128			4			0			
3472			512			248			64			0			1			29		
3720			512			248			64			0			1			29		
3472			576			248			64			0			0			
3720			576			248			64			0			0			
2976			640			496			128			4			0			
2976			640			248			64			0			1			27		
3224			640			248			64			0			1			27		
2976			704			248			64			0			0			
3224			704			248			64			0			0			
3472			640			496			128			0			0			
1984			768			992			256			4			0			
1984			768			496			128			4			0			
1984			768			248			64			0			1			24		
2232			768			248			64			0			1			24		
1984			832			248			64			0			2			20		24		
2232			832			248			64			0			2			24		26		
2480			768			496			128			4			0			
2480			768			248			64			0			0			
2728			768			248			64			0			0			
2480			832			248			64			0			1			26		
2728			832			248			64			0			0			
1984			896			496			128			4			0			
1984			896			248			64			0			2			16		20		
2232			896			248			64			0			1			26		
1984			960			248			64			0			1			16		
2232			960			248			64			0			0			
2480			896			496			128			4			0			
2480			896			248			64			0			2			26		28		
2728			896			248			64			0			1			28		
2480			960			248			64			0			0			
2728			960			248			64			0			0			
2976			768			992			256			4			0			
2976			768			496			128			0			0			
3472			768			496			128			0			0			
2976			896			496			128			4			0			
2976			896			248			64			0			1			28		
3224			896			248			64			0			2			28		30		
2976			960			248			64			0			0			
3224			960			248			64			0			1			30		
3472			896			496			128			0			0			
3968			0			3968			1024			4			0			
3968			0			1984			512			0			0			
5952			0			1984			512			0			0			
3968			512			1984			512			4			0			
3968			512			992			256			4			0			
3968			512			496			128			4			0			
3968			512			248			64			0			1			29		
4216			512			248			64			0			2			29		41		
3968			576			248			64			0			0			
4216			576			248			64			0			0			
4464			512			496			128			4			0			
4464			512			248			64			0			2			40		41		
4712			512			248			64			0			0			
4464			576			248			64			0			1			40		
4712			576			248			64			0			0			
3968			640			496			128			4			0			
3968			640			248			64			0			1			39		
4216			640			248			64			0			1			39		
3968			704			248			64			0			1			39		
4216			704			248			64			0			1			39		
4464			640			496			128			4			0			
4464			640			248			64			0			1			40		
4712			640			248			64			0			0			
4464			704			248			64			0			1			40		
4712			704			248			64			0			0			
4960			512			992			256			0			0			
3968			768			992			256			4			0			
3968			768			496			128			4			0			
3968			768			248			64			0			1			39		
4216			768			248			64			0			1			39		
3968			832			248			64			0			3			37		38		39		
4216			832			248			64			0			2			39		42		
4464			768			496			128			4			0			
4464			768			248			64			0			1			40		
4712			768			248			64			0			0			
4464			832			248			64			0			2			40		42		
4712			832			248			64			0			0			
3968			896			496			128			4			0			
3968			896			248			64			0			1			37		
4216			896			248			64			0			0			
3968			960			248			64			0			1			37		
4216			960			248			64			0			0			
4464			896			496			128			0			0			
4960			768			992			256			0			0			
5952			512			1984			512			0			0			
0			1024			3968			1024			4			0			
0			1024			1984			512			4			0			
0			1024			992			256			0			0			
992			1024			992			256			4			0			
992			1024			496			128			0			0			
1488			1024			496			128			4			0			
1488			1024			248			64			0			1			15		
1736			1024			248			64			0			0			
1488			1088			248			64			0			1			15		
1736			1088			248			64			0			0			
992			1152			496			128			0			0			
1488			1152			496			128			4			0			
1488			1152			248			64			0			1			15		
1736			1152			248			64			0			0			
1488			1216			248			64			0			1			15		
1736			1216			248			64			0			0			
0			1280			992			256			4			0			
0			1280			496			128			4			0			
0			1280			248			64			0			0			
248			1280			248			64			0			0			
0			1344			248			64			0			1			0		
248			1344			248			64			0			1			0		
496			1280			496			128			0			0			
0			1408			496			128			4			0			
0			1408			248			64			0			1			0		
248			1408			248			64			0			1			0		
0			1472			248			64			0			1			0		
248			1472			248			64			0			3			0		181		182		
496			1408			496			128			4			0			
496			1408			248			64			0			0			
744			1408			248			64			0			0			
496			1472			248			64			0			2			181		182		
744			1472			248			64			0			0			
992			1280			992			256			4			0			
992			1280			496			128			0			0			
1488			1280			496			128			4			0			
1488			1280			248			64			0			2			15		18		
1736			1280			248			64			0			1			17		
1488			1344			248			64			0			3			13		15		18		
1736			1344			248			64			0			2			14		17		
992			1408			496			128			0			0			
1488			1408			496			128			4			0			
1488			1408			248			64			0			2			12		13		
1736			1408			248			64			0			1			14		
1488			1472			248			64			0			1			12		
1736			1472			248			64			0			0			
1984			1024			1984			512			4			0			
1984			1024			992			256			4			0			
1984			1024			496			128			4			0			
1984			1024			248			64			0			1			16		
2232			1024			248			64			0			0			
1984			1088			248			64			0			1			16		
2232			1088			248			64			0			0			
2480			1024			496			128			0			0			
1984			1152			496			128			4			0			
1984			1152			248			64			0			1			16		
2232			1152			248			64			0			0			
1984			1216			248			64			0			1			16		
2232			1216			248			64			0			0			
2480			1152			496			128			0			0			
2976			1024			992			256			4			0			
2976			1024			496			128			4			0			
2976			1024			248			64			0			1			32		
3224			1024			248			64			0			2			30		32		
2976			1088			248			64			0			2			31		32		
3224			1088			248			64			0			1			32		
3472			1024			496			128			0			0			
2976			1152			496			128			4			0			
2976			1152			248			64			0			1			31		
3224			1152			248			64			0			0			
2976			1216			248			64			0			2			31		44		
3224			1216			248			64			0			1			44		
3472			1152			496			128			4			0			
3472			1152			248			64			0			0			
3720			1152			248			64			0			0			
3472			1216			248			64			0			0			
3720			1216			248			64			0			1			45		
1984			1280			992			256			4			0			
1984			1280			496			128			4			0			
1984			1280			248			64			0			1			16		
2232			1280			248			64			0			0			
1984			1344			248			64			0			2			14		16		
2232			1344			248			64			0			0			
2480			1280			496			128			0			0			
1984			1408			496			128			4			0			
1984			1408			248			64			0			2			9		14		
2232			1408			248			64			0			0			
1984			1472			248			64			0			1			9		
2232			1472			248			64			0			0			
2480			1408			496			128			0			0			
2976			1280			992			256			4			0			
2976			1280			496			128			4			0			
2976			1280			248			64			0			2			31		44		
3224			1280			248			64			0			1			44		
2976			1344			248			64			0			3			31		43		44		
3224			1344			248			64			0			3			33		43		44		
3472			1280			496			128			4			0			
3472			1280			248			64			0			0			
3720			1280			248			64			0			1			45		
3472			1344			248			64			0			1			33		
3720			1344			248			64			0			2			33		45		
2976			1408			496			128			4			0			
2976			1408			248			64			0			2			43		46		
3224			1408			248			64			0			2			33		43		
2976			1472			248			64			0			2			46		53		
3224			1472			248			64			0			1			53		
3472			1408			496			128			4			0			
3472			1408			248			64			0			1			33		
3720			1408			248			64			0			1			33		
3472			1472			248			64			0			0			
3720			1472			248			64			0			1			54		
0			1536			1984			512			4			0			
0			1536			992			256			4			0			
0			1536			496			128			4			0			
0			1536			248			64			0			1			0		
248			1536			248			64			0			3			0		181		182		
0			1600			248			64			0			1			0		
248			1600			248			64			0			3			0		181		182		
496			1536			496			128			4			0			
496			1536			248			64			0			3			180		181		182		
744			1536			248			64			0			2			180		183		
496			1600			248			64			0			3			180		181		182		
744			1600			248			64			0			1			180		
0			1664			496			128			4			0			
0			1664			248			64			0			1			0		
248			1664			248			64			0			2			0		181		
0			1728			248			64			0			1			0		
248			1728			248			64			0			1			0		
496			1664			496			128			4			0			
496			1664			248			64			0			1			181		
744			1664			248			64			0			1			4		
496			1728			248			64			0			0			
744			1728			248			64			0			1			4		
992			1536			992			256			4			0			
992			1536			496			128			4			0			
992			1536			248			64			0			1			183		
1240			1536			248			64			0			1			183		
992			1600			248			64			0			0			
1240			1600			248			64			0			0			
1488			1536			496			128			4			0			
1488			1536			248			64			0			2			12		183		
1736			1536			248			64			0			0			
1488			1600			248			64			0			0			
1736			1600			248			64			0			0			
992			1664			496			128			4			0			
992			1664			248			64			0			1			3		
1240			1664			248			64			0			1			3		
992			1728			248			64			0			2			3		7		
1240			1728			248			64			0			3			3		5		7		
1488			1664			496			128			4			0			
1488			1664			248			64			0			0			
1736			1664			248			64			0			0			
1488			1728			248			64			0			1			5		
1736			1728			248			64			0			0			
0			1792			992			256			4			0			
0			1792			496			128			4			0			
0			1792			248			64			0			1			0		
248			1792			248			64			0			1			0		
0			1856			248			64			0			1			1		
248			1856			248			64			0			1			1		
496			1792			496			128			4			0			
496			1792			248			64			0			1			2		
744			1792			248			64			0			1			2		
496			1856			248			64			0			2			1		2		
744			1856			248			64			0			1			2		
0			1920			496			128			4			0			
0			1920			248			64			0			1			1		
248			1920			248			64			0			1			1		
0			1984			248			64			0			0			
248			1984			248			64			0			0			
496			1920			496			128			4			0			
496			1920			248			64			0			1			1		
744			1920			248			64			0			0			
496			1984			248			64			0			0			
744			1984			248			64			0			0			
992			1792			992			256			4			0			
992			1792			496			128			4			0			
992			1792			248			64			0			3			2		3		7		
1240			1792			248			64			0			3			3		5		7		
992			1856			248			64			0			2			2		7		
1240			1856			248			64			0			3			5		6		7		
1488			1792			496			128			4			0			
1488			1792			248			64			0			1			5		
1736			1792			248			64			0			1			10		
1488			1856			248			64			0			3			5		6		11		
1736			1856			248			64			0			3			8		10		11		
992			1920			496			128			4			0			
992			1920			248			64			0			1			7		
1240			1920			248			64			0			2			6		7		
992			1984			248			64			0			0			
1240			1984			248			64			0			0			
1488			1920			496			128			4			0			
1488			1920			248			64			0			2			6		11		
1736			1920			248			64			0			2			8		11		
1488			1984			248			64			0			0			
1736			1984			248			64			0			0			
1984			1536			1984			512			4			0			
1984			1536			992			256			4			0			
1984			1536			496			128			4			0			
1984			1536			248			64			0			1			9		
2232			1536			248			64			0			0			
1984			1600			248			64			0			1			9		
2232			1600			248			64			0			0			
2480			1536			496			128			0			0			
1984			1664			496			128			4			0			
1984			1664			248			64			0			1			9		
2232			1664			248			64			0			0			
1984			1728			248			64			0			1			9		
2232			1728			248			64			0			0			
2480			1664			496			128			0			0			
2976			1536			992			256			4			0			
2976			1536			496			128			4			0			
2976			1536			248			64			0			2			46		53		
3224			1536			248			64			0			1			53		
2976			1600			248			64			0			3			34		46		53		
3224			1600			248			64			0			2			34		53		
3472			1536			496			128			4			0			
3472			1536			248			64			0			0			
3720			1536			248			64			0			1			54		
3472			1600			248			64			0			1			34		
3720			1600			248			64			0			3			34		48		54		
2976			1664			496			128			4			0			
2976			1664			248			64			0			2			34		49		
3224			1664			248			64			0			1			34		
2976			1728			248			64			0			2			49		52		
3224			1728			248			64			0			1			52		
3472			1664			496			128			4			0			
3472			1664			248			64			0			1			34		
3720			1664			248			64			0			2			34		48		
3472			1728			248			64			0			0			
3720			1728			248			64			0			1			55		
1984			1792			992			256			4			0			
1984			1792			496			128			4			0			
1984			1792			248			64			0			1			9		
2232			1792			248			64			0			0			
1984			1856			248			64			0			2			8		9		
2232			1856			248			64			0			0			
2480			1792			496			128			0			0			
1984			1920			496			128			4			0			
1984			1920			248			64			0			1			8		
2232			1920			248			64			0			0			
1984			1984			248			64			0			0			
2232			1984			248			64			0			0			
2480			1920			496			128			0			0			
2976			1792			992			256			4			0			
2976			1792			496			128			4			0			
2976			1792			248			64			0			2			49		52		
3224			1792			248			64			0			1			52		
2976			1856			248			64			0			3			49		51		52		
3224			1856			248			64			0			3			35		51		52		
3472			1792			496			128			4			0			
3472			1792			248			64			0			0			
3720			1792			248			64			0			1			55		
3472			1856			248			64			0			1			35		
3720			1856			248			64			0			2			35		55		
2976			1920			496			128			4			0			
2976			1920			248			64			0			2			51		56		
3224			1920			248			64			0			2			35		51		
2976			1984			248			64			0			1			56		
3224			1984			248			64			0			0			
3472			1920			496			128			4			0			
3472			1920			248			64			0			1			35		
3720			1920			248			64			0			1			35		
3472			1984			248			64			0			0			
3720			1984			248			64			0			0			
3968			1024			3968			1024			4			0			
3968			1024			1984			512			4			0			
3968			1024			992			256			4			0			
3968			1024			496			128			4			0			
3968			1024			248			64			0			1			36		
4216			1024			248			64			0			0			
3968			1088			248			64			0			1			36		
4216			1088			248			64			0			0			
4464			1024			496			128			0			0			
3968			1152			496			128			4			0			
3968			1152			248			64			0			1			36		
4216			1152			248			64			0			0			
3968			1216			248			64			0			1			36		
4216			1216			248			64			0			0			
4464			1152			496			128			0			0			
4960			1024			992			256			0			0			
3968			1280			992			256			4			0			
3968			1280			496			128			4			0			
3968			1280			248			64			0			1			36		
4216			1280			248			64			0			0			
3968			1344			248			64			0			2			33		36		
4216			1344			248			64			0			0			
4464			1280			496			128			0			0			
3968			1408			496			128			4			0			
3968			1408			248			64			0			2			33		47		
4216			1408			248			64			0			0			
3968			1472			248			64			0			2			47		54		
4216			1472			248			64			0			0			
4464			1408			496			128			0			0			
4960			1280			992			256			0			0			
5952			1024			1984			512			0			0			
3968			1536			1984			512			4			0			
3968			1536			992			256			4			0			
3968			1536			496			128			4			0			
3968			1536			248			64			0			2			47		54		
4216			1536			248			64			0			0			
3968			1600			248			64			0			3			47		48		54		
4216			1600			248			64			0			0			
4464			1536			496			128			0			0			
3968			1664			496			128			4			0			
3968			1664			248			64			0			2			48		50		
4216			1664			248			64			0			0			
3968			1728			248			64			0			2			50		55		
4216			1728			248			64			0			0			
4464			1664			496			128			0			0			
4960			1536			992			256			4			0			
4960			1536			496			128			0			0			
5456			1536			496			128			4			0			
5456			1536			248			64			0			0			
5704			1536			248			64			0			0			
5456			1600			248			64			0			1			72		
5704			1600			248			64			0			1			72		
4960			1664			496			128			0			0			
5456			1664			496			128			4			0			
5456			1664			248			64			0			1			72		
5704			1664			248			64			0			1			72		
5456			1728			248			64			0			1			72		
5704			1728			248			64			0			1			72		
3968			1792			992			256			4			0			
3968			1792			496			128			4			0			
3968			1792			248			64			0			2			50		55		
4216			1792			248			64			0			0			
3968			1856			248			64			0			3			35		50		55		
4216			1856			248			64			0			0			
4464			1792			496			128			0			0			
3968			1920			496			128			4			0			
3968			1920			248			64			0			2			35		59		
4216			1920			248			64			0			0			
3968			1984			248			64			0			1			59		
4216			1984			248			64			0			0			
4464			1920			496			128			4			0			
4464			1920			248			64			0			0			
4712			1920			248			64			0			0			
4464			1984			248			64			0			1			64		
4712			1984			248			64			0			1			64		
4960			1792			992			256			4			0			
4960			1792			496			128			0			0			
5456			1792			496			128			4			0			
5456			1792			248			64			0			1			72		
5704			1792			248			64			0			1			72		
5456			1856			248			64			0			1			72		
5704			1856			248			64			0			1			72		
4960			1920			496			128			4			0			
4960			1920			248			64			0			0			
5208			1920			248			64			0			0			
4960			1984			248			64			0			1			64		
5208			1984			248			64			0			0			
5456			1920			496			128			4			0			
5456			1920			248			64			0			1			72		
5704			1920			248			64			0			1			72		
5456			1984			248			64			0			1			72		
5704			1984			248			64			0			1			72		
5952			1536			1984			512			4			0			
5952			1536			992			256			4			0			
5952			1536			496			128			4			0			
5952			1536			248			64			0			0			
6200			1536			248			64			0			0			
5952			1600			248			64			0			1			95		
6200			1600			248			64			0			0			
6448			1536			496			128			4			0			
6448			1536			248			64			0			0			
6696			1536			248			64			0			0			
6448			1600			248			64			0			1			93		
6696			1600			248			64			0			0			
5952			1664			496			128			4			0			
5952			1664			248			64			0			1			95		
6200			1664			248			64			0			0			
5952			1728			248			64			0			0			
6200			1728			248			64			0			1			75		
6448			1664			496			128			4			0			
6448			1664			248			64			0			1			93		
6696			1664			248			64			0			0			
6448			1728			248			64			0			0			
6696			1728			248			64			0			1			94		
6944			1536			992			256			4			0			
6944			1536			496			128			0			0			
7440			1536			496			128			4			0			
7440			1536			248			64			0			0			
7688			1536			248			64			0			0			
7440			1600			248			64			0			1			97		
7688			1600			248			64			0			1			97		
6944			1664			496			128			4			0			
6944			1664			248			64			0			1			92		
7192			1664			248			64			0			1			92		
6944			1728			248			64			0			1			92		
7192			1728			248			64			0			2			92		96		
7440			1664			496			128			4			0			
7440			1664			248			64			0			1			97		
7688			1664			248			64			0			1			97		
7440			1728			248			64			0			0			
7688			1728			248			64			0			0			
5952			1792			992			256			4			0			
5952			1792			496			128			4			0			
5952			1792			248			64			0			1			74		
6200			1792			248			64			0			2			74		75		
5952			1856			248			64			0			1			74		
6200			1856			248			64			0			1			74		
6448			1792			496			128			4			0			
6448			1792			248			64			0			1			74		
6696			1792			248			64			0			2			74		94		
6448			1856			248			64			0			1			74		
6696			1856			248			64			0			2			74		175		
5952			1920			496			128			4			0			
5952			1920			248			64			0			2			73		74		
6200			1920			248			64			0			2			73		74		
5952			1984			248			64			0			2			71		73		
6200			1984			248			64			0			2			71		73		
6448			1920			496			128			4			0			
6448			1920			248			64			0			2			73		74		
6696			1920			248			64			0			4			73		74		175		176		
6448			1984			248			64			0			2			73		76		
6696			1984			248			64			0			3			73		76		176		
6944			1792			992			256			4			0			
6944			1792			496			128			4			0			
6944			1792			248			64			0			1			80		
7192			1792			248			64			0			2			80		96		
6944			1856			248			64			0			1			80		
7192			1856			248			64			0			1			80		
7440			1792			496			128			4			0			
7440			1792			248			64			0			1			80		
7688			1792			248			64			0			1			91		
7440			1856			248			64			0			2			80		81		
7688			1856			248			64			0			2			81		91		
6944			1920			496			128			4			0			
6944			1920			248			64			0			3			79		80		176		
7192			1920			248			64			0			2			79		80		
6944			1984			248			64			0			3			78		79		176		
7192			1984			248			64			0			1			79		
7440			1920			496			128			4			0			
7440			1920			248			64			0			4			79		80		81		84		
7688			1920			248			64			0			4			81		84		85		91		
7440			1984			248			64			0			4			79		81		83		84		
7688			1984			248			64			0			3			81		84		85		
7936			0			7936			2048			4			0			
7936			0			3968			1024			0			0			
11904			0			3968			1024			0			0			
7936			1024			3968			1024			4			0			
7936			1024			1984			512			0			0			
9920			1024			1984			512			0			0			
7936			1536			1984			512			4			0			
7936			1536			992			256			4			0			
7936			1536			496			128			4			0			
7936			1536			248			64			0			0			
8184			1536			248			64			0			0			
7936			1600			248			64			0			1			98		
8184			1600			248			64			0			0			
8432			1536			496			128			0			0			
7936			1664			496			128			4			0			
7936			1664			248			64			0			1			98		
8184			1664			248			64			0			0			
7936			1728			248			64			0			0			
8184			1728			248			64			0			1			99		
8432			1664			496			128			0			0			
8928			1536			992			256			0			0			
7936			1792			992			256			4			0			
7936			1792			496			128			4			0			
7936			1792			248			64			0			1			91		
8184			1792			248			64			0			2			91		99		
7936			1856			248			64			0			1			91		
8184			1856			248			64			0			1			91		
8432			1792			496			128			4			0			
8432			1792			248			64			0			1			91		
8680			1792			248			64			0			0			
8432			1856			248			64			0			1			91		
8680			1856			248			64			0			0			
7936			1920			496			128			4			0			
7936			1920			248			64			0			2			89		91		
8184			1920			248			64			0			2			89		91		
7936			1984			248			64			0			2			86		89		
8184			1984			248			64			0			1			89		
8432			1920			496			128			4			0			
8432			1920			248			64			0			2			89		91		
8680			1920			248			64			0			0			
8432			1984			248			64			0			2			89		90		
8680			1984			248			64			0			0			
8928			1792			992			256			0			0			
9920			1536			1984			512			4			0			
9920			1536			992			256			4			0			
9920			1536			496			128			4			0			
9920			1536			248			64			0			1			104		
10168			1536			248			64			0			1			104		
9920			1600			248			64			0			1			104		
10168			1600			248			64			0			1			104		
10416			1536			496			128			4			0			
10416			1536			248			64			0			1			104		
10664			1536			248			64			0			0			
10416			1600			248			64			0			1			104		
10664			1600			248			64			0			0			
9920			1664			496			128			4			0			
9920			1664			248			64			0			1			104		
10168			1664			248			64			0			1			104		
9920			1728			248			64			0			1			104		
10168			1728			248			64			0			1			104		
10416			1664			496			128			4			0			
10416			1664			248			64			0			2			104		105		
10664			1664			248			64			0			1			105		
10416			1728			248			64			0			2			104		105		
10664			1728			248			64			0			1			105		
10912			1536			992			256			0			0			
9920			1792			992			256			4			0			
9920			1792			496			128			4			0			
9920			1792			248			64			0			1			104		
10168			1792			248			64			0			1			104		
9920			1856			248			64			0			1			104		
10168			1856			248			64			0			1			104		
10416			1792			496			128			4			0			
10416			1792			248			64			0			2			104		105		
10664			1792			248			64			0			1			105		
10416			1856			248			64			0			2			104		105		
10664			1856			248			64			0			1			105		
9920			1920			496			128			4			0			
9920			1920			248			64			0			1			104		
10168			1920			248			64			0			1			104		
9920			1984			248			64			0			0			
10168			1984			248			64			0			0			
10416			1920			496			128			4			0			
10416			1920			248			64			0			2			104		105		
10664			1920			248			64			0			1			105		
10416			1984			248			64			0			1			105		
10664			1984			248			64			0			1			105		
10912			1792			992			256			4			0			
10912			1792			496			128			0			0			
11408			1792			496			128			0			0			
10912			1920			496			128			0			0			
11408			1920			496			128			4			0			
11408			1920			248			64			0			0			
11656			1920			248			64			0			0			
11408			1984			248			64			0			0			
11656			1984			248			64			0			1			117		
11904			1024			3968			1024			4			0			
11904			1024			1984			512			0			0			
13888			1024			1984			512			0			0			
11904			1536			1984			512			4			0			
11904			1536			992			256			0			0			
12896			1536			992			256			0			0			
11904			1792			992			256			4			0			
11904			1792			496			128			0			0			
12400			1792			496			128			0			0			
11904			1920			496			128			4			0			
11904			1920			248			64			0			0			
12152			1920			248			64			0			0			
11904			1984			248			64			0			1			117		
12152			1984			248			64			0			1			117		
12400			1920			496			128			0			0			
12896			1792			992			256			0			0			
13888			1536			1984			512			0			0			
0			2048			7936			2048			4			0			
0			2048			3968			1024			4			0			
0			2048			1984			512			0			0			
1984			2048			1984			512			4			0			
1984			2048			992			256			0			0			
2976			2048			992			256			4			0			
2976			2048			496			128			4			0			
2976			2048			248			64			0			1			56		
3224			2048			248			64			0			0			
2976			2112			248			64			0			1			56		
3224			2112			248			64			0			0			
3472			2048			496			128			0			0			
2976			2176			496			128			4			0			
2976			2176			248			64			0			1			56		
3224			2176			248			64			0			0			
2976			2240			248			64			0			1			56		
3224			2240			248			64			0			1			57		
3472			2176			496			128			4			0			
3472			2176			248			64			0			0			
3720			2176			248			64			0			0			
3472			2240			248			64			0			1			57		
3720			2240			248			64			0			0			
1984			2304			992			256			0			0			
2976			2304			992			256			4			0			
2976			2304			496			128			4			0			
2976			2304			248			64			0			1			56		
3224			2304			248			64			0			1			57		
2976			2368			248			64			0			3			56		178		179		
3224			2368			248			64			0			2			57		179		
3472			2304			496			128			4			0			
3472			2304			248			64			0			2			57		58		
3720			2304			248			64			0			1			58		
3472			2368			248			64			0			2			57		58		
3720			2368			248			64			0			2			58		61		
2976			2432			496			128			4			0			
2976			2432			248			64			0			1			179		
3224			2432			248			64			0			2			57		179		
2976			2496			248			64			0			0			
3224			2496			248			64			0			0			
3472			2432			496			128			4			0			
3472			2432			248			64			0			1			57		
3720			2432			248			64			0			1			61		
3472			2496			248			64			0			0			
3720			2496			248			64			0			0			
0			2560			1984			512			0			0			
1984			2560			1984			512			0			0			
3968			2048			3968			1024			4			0			
3968			2048			1984			512			4			0			
3968			2048			992			256			4			0			
3968			2048			496			128			4			0			
3968			2048			248			64			0			2			59		60		
4216			2048			248			64			0			1			60		
3968			2112			248			64			0			2			59		60		
4216			2112			248			64			0			1			60		
4464			2048			496			128			4			0			
4464			2048			248			64			0			3			60		62		64		
4712			2048			248			64			0			1			64		
4464			2112			248			64			0			2			60		62		
4712			2112			248			64			0			0			
3968			2176			496			128			0			0			
4464			2176			496			128			4			0			
4464			2176			248			64			0			1			62		
4712			2176			248			64			0			0			
4464			2240			248			64			0			2			62		63		
4712			2240			248			64			0			0			
4960			2048			992			256			4			0			
4960			2048			496			128			4			0			
4960			2048			248			64			0			2			64		65		
5208			2048			248			64			0			1			65		
4960			2112			248			64			0			1			65		
5208			2112			248			64			0			1			65		
5456			2048			496			128			4			0			
5456			2048			248			64			0			1			72		
5704			2048			248			64			0			1			72		
5456			2112			248			64			0			1			72		
5704			2112			248			64			0			1			72		
4960			2176			496			128			4			0			
4960			2176			248			64			0			1			65		
5208			2176			248			64			0			2			65		70		
4960			2240			248			64			0			2			65		67		
5208			2240			248			64			0			3			65		70		101		
5456			2176			496			128			4			0			
5456			2176			248			64			0			2			70		72		
5704			2176			248			64			0			2			70		72		
5456			2240			248			64			0			2			70		100		
5704			2240			248			64			0			1			70		
3968			2304			992			256			4			0			
3968			2304			496			128			4			0			
3968			2304			248			64			0			0			
4216			2304			248			64			0			0			
3968			2368			248			64			0			1			61		
4216			2368			248			64			0			1			61		
4464			2304			496			128			4			0			
4464			2304			248			64			0			1			63		
4712			2304			248			64			0			0			
4464			2368			248			64			0			3			61		63		69		
4712			2368			248			64			0			1			69		
3968			2432			496			128			4			0			
3968			2432			248			64			0			1			61		
4216			2432			248			64			0			1			61		
3968			2496			248			64			0			0			
4216			2496			248			64			0			0			
4464			2432			496			128			4			0			
4464			2432			248			64			0			2			61		69		
4712			2432			248			64			0			1			69		
4464			2496			248			64			0			0			
4712			2496			248			64			0			0			
4960			2304			992			256			4			0			
4960			2304			496			128			4			0			
4960			2304			248			64			0			2			66		67		
5208			2304			248			64			0			1			101		
4960			2368			248			64			0			4			66		67		69		177		
5208			2368			248			64			0			3			68		101		177		
5456			2304			496			128			4			0			
5456			2304			248			64			0			1			100		
5704			2304			248			64			0			0			
5456			2368			248			64			0			2			68		100		
5704			2368			248			64			0			1			68		
4960			2432			496			128			4			0			
4960			2432			248			64			0			1			69		
5208			2432			248			64			0			1			68		
4960			2496			248			64			0			0			
5208			2496			248			64			0			0			
5456			2432			496			128			4			0			
5456			2432			248			64			0			1			68		
5704			2432			248			64			0			1			68		
5456			2496			248			64			0			0			
5704			2496			248			64			0			0			
5952			2048			1984			512			4			0			
5952			2048			992			256			4			0			
5952			2048			496			128			4			0			
5952			2048			248			64			0			1			71		
6200			2048			248			64			0			1			71		
5952			2112			248			64			0			1			71		
6200			2112			248			64			0			1			71		
6448			2048			496			128			4			0			
6448			2048			248			64			0			1			76		
6696			2048			248			64			0			1			76		
6448			2112			248			64			0			1			76		
6696			2112			248			64			0			1			76		
5952			2176			496			128			4			0			
5952			2176			248			64			0			1			71		
6200			2176			248			64			0			1			71		
5952			2240			248			64			0			1			71		
6200			2240			248			64			0			1			71		
6448			2176			496			128			4			0			
6448			2176			248			64			0			1			76		
6696			2176			248			64			0			1			76		
6448			2240			248			64			0			1			76		
6696			2240			248			64			0			1			76		
6944			2048			992			256			4			0			
6944			2048			496			128			4			0			
6944			2048			248			64			0			1			78		
7192			2048			248			64			0			0			
6944			2112			248			64			0			1			78		
7192			2112			248			64			0			0			
7440			2048			496			128			4			0			
7440			2048			248			64			0			1			83		
7688			2048			248			64			0			0			
7440			2112			248			64			0			1			83		
7688			2112			248			64			0			0			
6944			2176			496			128			4			0			
6944			2176			248			64			0			1			78		
7192			2176			248			64			0			0			
6944			2240			248			64			0			1			78		
7192			2240			248			64			0			0			
7440			2176			496			128			4			0			
7440			2176			248			64			0			1			83		
7688			2176			248			64			0			1			82		
7440			2240			248			64			0			1			83		
7688			2240			248			64			0			1			82		
5952			2304			992			256			4			0			
5952			2304			496			128			4			0			
5952			2304			248			64			0			1			71		
6200			2304			248			64			0			1			71		
5952			2368			248			64			0			2			68		71		
6200			2368			248			64			0			1			71		
6448			2304			496			128			4			0			
6448			2304			248			64			0			1			76		
6696			2304			248			64			0			1			76		
6448			2368			248			64			0			2			76		77		
6696			2368			248			64			0			2			76		77		
5952			2432			496			128			4			0			
5952			2432			248			64			0			1			68		
6200			2432			248			64			0			0			
5952			2496			248			64			0			0			
6200			2496			248			64			0			0			
6448			2432			496			128			4			0			
6448			2432			248			64			0			1			77		
6696			2432			248			64			0			1			77		
6448			2496			248			64			0			0			
6696			2496			248			64			0			0			
6944			2304			992			256			4			0			
6944			2304			496			128			4			0			
6944			2304			248			64			0			1			78		
7192			2304			248			64			0			0			
6944			2368			248			64			0			2			77		78		
7192			2368			248			64			0			1			77		
7440			2304			496			128			4			0			
7440			2304			248			64			0			1			83		
7688			2304			248			64			0			1			82		
7440			2368			248			64			0			3			77		83		88		
7688			2368			248			64			0			2			82		88		
6944			2432			496			128			4			0			
6944			2432			248			64			0			1			77		
7192			2432			248			64			0			1			77		
6944			2496			248			64			0			0			
7192			2496			248			64			0			0			
7440			2432			496			128			4			0			
7440			2432			248			64			0			2			77		88		
7688			2432			248			64			0			1			88		
7440			2496			248			64			0			0			
7688			2496			248			64			0			0			
3968			2560			1984			512			0			0			
5952			2560			1984			512			0			0			
0			3072			3968			1024			0			0			
3968			3072			3968			1024			0			0			
7936			2048			7936			2048			4			0			
7936			2048			3968			1024			4			0			
7936			2048			1984			512			4			0			
7936			2048			992			256			4			0			
7936			2048			496			128			4			0			
7936			2048			248			64			0			1			86		
8184			2048			248			64			0			0			
7936			2112			248			64			0			1			86		
8184			2112			248			64			0			0			
8432			2048			496			128			4			0			
8432			2048			248			64			0			1			90		
8680			2048			248			64			0			0			
8432			2112			248			64			0			1			90		
8680			2112			248			64			0			0			
7936			2176			496			128			4			0			
7936			2176			248			64			0			2			82		86		
8184			2176			248			64			0			0			
7936			2240			248			64			0			1			82		
8184			2240			248			64			0			0			
8432			2176			496			128			4			0			
8432			2176			248			64			0			2			87		90		
8680			2176			248			64			0			0			
8432			2240			248			64			0			1			87		
8680			2240			248			64			0			0			
8928			2048			992			256			0			0			
7936			2304			992			256			4			0			
7936			2304			496			128			4			0			
7936			2304			248			64			0			1			82		
8184			2304			248			64			0			0			
7936			2368			248			64			0			2			82		88		
8184			2368			248			64			0			1			88		
8432			2304			496			128			4			0			
8432			2304			248			64			0			1			87		
8680			2304			248			64			0			0			
8432			2368			248			64			0			3			87		88		102		
8680			2368			248			64			0			1			102		
7936			2432			496			128			4			0			
7936			2432			248			64			0			1			88		
8184			2432			248			64			0			1			88		
7936			2496			248			64			0			0			
8184			2496			248			64			0			0			
8432			2432			496			128			4			0			
8432			2432			248			64			0			2			88		102		
8680			2432			248			64			0			1			102		
8432			2496			248			64			0			0			
8680			2496			248			64			0			0			
8928			2304			992			256			4			0			
8928			2304			496			128			4			0			
8928			2304			248			64			0			0			
9176			2304			248			64			0			0			
8928			2368			248			64			0			1			102		
9176			2368			248			64			0			1			102		
9424			2304			496			128			4			0			
9424			2304			248			64			0			0			
9672			2304			248			64			0			0			
9424			2368			248			64			0			1			102		
9672			2368			248			64			0			2			102		103		
8928			2432			496			128			4			0			
8928			2432			248			64			0			1			102		
9176			2432			248			64			0			1			102		
8928			2496			248			64			0			0			
9176			2496			248			64			0			0			
9424			2432			496			128			4			0			
9424			2432			248			64			0			1			102		
9672			2432			248			64			0			2			102		103		
9424			2496			248			64			0			0			
9672			2496			248			64			0			0			
9920			2048			1984			512			4			0			
9920			2048			992			256			4			0			
9920			2048			496			128			0			0			
10416			2048			496			128			4			0			
10416			2048			248			64			0			1			105		
10664			2048			248			64			0			1			105		
10416			2112			248			64			0			1			105		
10664			2112			248			64			0			2			105		106		
9920			2176			496			128			0			0			
10416			2176			496			128			4			0			
10416			2176			248			64			0			0			
10664			2176			248			64			0			2			106		110		
10416			2240			248			64			0			0			
10664			2240			248			64			0			3			106		107		110		
10912			2048			992			256			4			0			
10912			2048			496			128			4			0			
10912			2048			248			64			0			0			
11160			2048			248			64			0			2			114		115		
10912			2112			248			64			0			0			
11160			2112			248			64			0			1			115		
11408			2048			496			128			4			0			
11408			2048			248			64			0			1			114		
11656			2048			248			64			0			3			114		116		117		
11408			2112			248			64			0			0			
11656			2112			248			64			0			1			116		
10912			2176			496			128			4			0			
10912			2176			248			64			0			1			110		
11160			2176			248			64			0			2			110		115		
10912			2240			248			64			0			3			107		108		110		
11160			2240			248			64			0			2			110		111		
11408			2176			496			128			4			0			
11408			2176			248			64			0			1			118		
11656			2176			248			64			0			2			116		118		
11408			2240			248			64			0			1			118		
11656			2240			248			64			0			3			112		116		118		
9920			2304			992			256			4			0			
9920			2304			496			128			4			0			
9920			2304			248			64			0			0			
10168			2304			248			64			0			0			
9920			2368			248			64			0			1			103		
10168			2368			248			64			0			1			103		
10416			2304			496			128			4			0			
10416			2304			248			64			0			0			
10664			2304			248			64			0			1			107		
10416			2368			248			64			0			1			103		
10664			2368			248			64			0			2			103		107		
9920			2432			496			128			4			0			
9920			2432			248			64			0			1			103		
10168			2432			248			64			0			1			103		
9920			2496			248			64			0			0			
10168			2496			248			64			0			0			
10416			2432			496			128			4			0			
10416			2432			248			64			0			1			103		
10664			2432			248			64			0			1			103		
10416			2496			248			64			0			0			
10664			2496			248			64			0			0			
10912			2304			992			256			4			0			
10912			2304			496			128			4			0			
10912			2304			248			64			0			2			107		108		
11160			2304			248			64			0			1			111		
10912			2368			248			64			0			4			103		107		108		109		
11160			2368			248			64			0			3			109		111		174		
11408			2304			496			128			4			0			
11408			2304			248			64			0			1			118		
11656			2304			248			64			0			2			112		118		
11408			2368			248			64			0			2			118		174		
11656			2368			248			64			0			3			112		118		174		
10912			2432			496			128			4			0			
10912			2432			248			64			0			2			103		109		
11160			2432			248			64			0			2			109		174		
10912			2496			248			64			0			0			
11160			2496			248			64			0			0			
11408			2432			496			128			4			0			
11408			2432			248			64			0			1			174		
11656			2432			248			64			0			3			120		121		174		
11408			2496			248			64			0			0			
11656			2496			248			64			0			2			120		121		
7936			2560			1984			512			0			0			
9920			2560			1984			512			4			0			
9920			2560			992			256			0			0			
10912			2560			992			256			4			0			
10912			2560			496			128			0			0			
11408			2560			496			128			4			0			
11408			2560			248			64			0			0			
11656			2560			248			64			0			1			120		
11408			2624			248			64			0			0			
11656			2624			248			64			0			1			123		
10912			2688			496			128			0			0			
11408			2688			496			128			4			0			
11408			2688			248			64			0			0			
11656			2688			248			64			0			1			123		
11408			2752			248			64			0			0			
11656			2752			248			64			0			1			123		
9920			2816			992			256			0			0			
10912			2816			992			256			4			0			
10912			2816			496			128			0			0			
11408			2816			496			128			4			0			
11408			2816			248			64			0			0			
11656			2816			248			64			0			1			123		
11408			2880			248			64			0			0			
11656			2880			248			64			0			2			123		125		
10912			2944			496			128			0			0			
11408			2944			496			128			4			0			
11408			2944			248			64			0			0			
11656			2944			248			64			0			2			123		125		
11408			3008			248			64			0			0			
11656			3008			248			64			0			1			123		
11904			2048			3968			1024			4			0			
11904			2048			1984			512			4			0			
11904			2048			992			256			4			0			
11904			2048			496			128			4			0			
11904			2048			248			64			0			1			117		
12152			2048			248			64			0			1			117		
11904			2112			248			64			0			0			
12152			2112			248			64			0			1			119		
12400			2048			496			128			0			0			
11904			2176			496			128			4			0			
11904			2176			248			64			0			0			
12152			2176			248			64			0			1			119		
11904			2240			248			64			0			1			113		
12152			2240			248			64			0			1			119		
12400			2176			496			128			0			0			
12896			2048			992			256			0			0			
11904			2304			992			256			4			0			
11904			2304			496			128			4			0			
11904			2304			248			64			0			1			113		
12152			2304			248			64			0			1			119		
11904			2368			248			64			0			2			113		174		
12152			2368			248			64			0			1			119		
12400			2304			496			128			0			0			
11904			2432			496			128			4			0			
11904			2432			248			64			0			3			113		121		174		
12152			2432			248			64			0			1			119		
11904			2496			248			64			0			2			113		121		
12152			2496			248			64			0			1			119		
12400			2432			496			128			0			0			
12896			2304			992			256			0			0			
13888			2048			1984			512			0			0			
11904			2560			1984			512			4			0			
11904			2560			992			256			4			0			
11904			2560			496			128			4			0			
11904			2560			248			64			0			0			
12152			2560			248			64			0			2			119		122		
11904			2624			248			64			0			1			130		
12152			2624			248			64			0			1			122		
12400			2560			496			128			0			0			
11904			2688			496			128			4			0			
11904			2688			248			64			0			2			124		130		
12152			2688			248			64			0			3			122		124		126		
11904			2752			248			64			0			1			124		
12152			2752			248			64			0			2			124		126		
12400			2688			496			128			0			0			
12896			2560			992			256			0			0			
11904			2816			992			256			4			0			
11904			2816			496			128			4			0			
11904			2816			248			64			0			0			
12152			2816			248			64			0			1			126		
11904			2880			248			64			0			1			125		
12152			2880			248			64			0			1			126		
12400			2816			496			128			0			0			
11904			2944			496			128			4			0			
11904			2944			248			64			0			1			125		
12152			2944			248			64			0			1			126		
11904			3008			248			64			0			1			131		
12152			3008			248			64			0			1			126		
12400			2944			496			128			0			0			
12896			2816			992			256			0			0			
13888			2560			1984			512			0			0			
7936			3072			3968			1024			4			0			
7936			3072			1984			512			0			0			
9920			3072			1984			512			4			0			
9920			3072			992			256			0			0			
10912			3072			992			256			4			0			
10912			3072			496			128			0			0			
11408			3072			496			128			4			0			
11408			3072			248			64			0			0			
11656			3072			248			64			0			1			123		
11408			3136			248			64			0			0			
11656			3136			248			64			0			2			123		129		
10912			3200			496			128			0			0			
11408			3200			496			128			4			0			
11408			3200			248			64			0			0			
11656			3200			248			64			0			1			129		
11408			3264			248			64			0			0			
11656			3264			248			64			0			2			128		129		
9920			3328			992			256			0			0			
10912			3328			992			256			4			0			
10912			3328			496			128			0			0			
11408			3328			496			128			4			0			
11408			3328			248			64			0			0			
11656			3328			248			64			0			2			128		136		
11408			3392			248			64			0			0			
11656			3392			248			64			0			1			136		
10912			3456			496			128			0			0			
11408			3456			496			128			4			0			
11408			3456			248			64			0			0			
11656			3456			248			64			0			1			136		
11408			3520			248			64			0			0			
11656			3520			248			64			0			1			136		
7936			3584			1984			512			0			0			
9920			3584			1984			512			4			0			
9920			3584			992			256			0			0			
10912			3584			992			256			4			0			
10912			3584			496			128			0			0			
11408			3584			496			128			4			0			
11408			3584			248			64			0			0			
11656			3584			248			64			0			1			136		
11408			3648			248			64			0			0			
11656			3648			248			64			0			1			136		
10912			3712			496			128			0			0			
11408			3712			496			128			4			0			
11408			3712			248			64			0			0			
11656			3712			248			64			0			1			136		
11408			3776			248			64			0			0			
11656			3776			248			64			0			1			136		
9920			3840			992			256			0			0			
10912			3840			992			256			4			0			
10912			3840			496			128			0			0			
11408			3840			496			128			4			0			
11408			3840			248			64			0			0			
11656			3840			248			64			0			1			136		
11408			3904			248			64			0			0			
11656			3904			248			64			0			2			136		137		
10912			3968			496			128			0			0			
11408			3968			496			128			4			0			
11408			3968			248			64			0			0			
11656			3968			248			64			0			1			137		
11408			4032			248			64			0			0			
11656			4032			248			64			0			1			137		
11904			3072			3968			1024			4			0			
11904			3072			1984			512			4			0			
11904			3072			992			256			4			0			
11904			3072			496			128			4			0			
11904			3072			248			64			0			2			127		131		
12152			3072			248			64			0			2			126		127		
11904			3136			248			64			0			1			127		
12152			3136			248			64			0			2			126		127		
12400			3072			496			128			0			0			
11904			3200			496			128			4			0			
11904			3200			248			64			0			0			
12152			3200			248			64			0			1			126		
11904			3264			248			64			0			1			128		
12152			3264			248			64			0			3			126		128		133		
12400			3200			496			128			0			0			
12896			3072			992			256			0			0			
11904			3328			992			256			4			0			
11904			3328			496			128			4			0			
11904			3328			248			64			0			1			128		
12152			3328			248			64			0			3			128		133		134		
11904			3392			248			64			0			0			
12152			3392			248			64			0			2			134		135		
12400			3328			496			128			0			0			
11904			3456			496			128			4			0			
11904			3456			248			64			0			1			132		
12152			3456			248			64			0			3			132		134		135		
11904			3520			248			64			0			1			132		
12152			3520			248			64			0			2			132		140		
12400			3456			496			128			4			0			
12400			3456			248			64			0			0			
12648			3456			248			64			0			0			
12400			3520			248			64			0			1			139		
12648			3520			248			64			0			1			139		
12896			3328			992			256			4			0			
12896			3328			496			128			0			0			
13392			3328			496			128			0			0			
12896			3456			496			128			4			0			
12896			3456			248			64			0			0			
13144			3456			248			64			0			0			
12896			3520			248			64			0			2			139		143		
13144			3520			248			64			0			0			
13392			3456			496			128			4			0			
13392			3456			248			64			0			0			
13640			3456			248			64			0			0			
13392			3520			248			64			0			1			147		
13640			3520			248			64			0			2			147		150		
13888			3072			1984			512			4			0			
13888			3072			992			256			0			0			
14880			3072			992			256			0			0			
13888			3328			992			256			4			0			
13888			3328			496			128			0			0			
14384			3328			496			128			0			0			
13888			3456			496			128			4			0			
13888			3456			248			64			0			0			
14136			3456			248			64			0			0			
13888			3520			248			64			0			1			150		
14136			3520			248			64			0			0			
14384			3456			496			128			0			0			
14880			3328			992			256			0			0			
11904			3584			1984			512			4			0			
11904			3584			992			256			4			0			
11904			3584			496			128			4			0			
11904			3584			248			64			0			0			
12152			3584			248			64			0			2			140		141		
11904			3648			248			64			0			0			
12152			3648			248			64			0			1			141		
12400			3584			496			128			4			0			
12400			3584			248			64			0			2			139		141		
12648			3584			248			64			0			1			139		
12400			3648			248			64			0			2			139		141		
12648			3648			248			64			0			1			139		
11904			3712			496			128			0			0			
12400			3712			496			128			0			0			
12896			3584			992			256			4			0			
12896			3584			496			128			4			0			
12896			3584			248			64			0			2			139		143		
13144			3584			248			64			0			1			145		
12896			3648			248			64			0			2			139		143		
13144			3648			248			64			0			1			145		
13392			3584			496			128			4			0			
13392			3584			248			64			0			3			145		147		149		
13640			3584			248			64			0			2			147		150		
13392			3648			248			64			0			3			145		147		149		
13640			3648			248			64			0			2			147		150		
12896			3712			496			128			4			0			
12896			3712			248			64			0			1			143		
13144			3712			248			64			0			0			
12896			3776			248			64			0			1			143		
13144			3776			248			64			0			1			155		
13392			3712			496			128			4			0			
13392			3712			248			64			0			1			149		
13640			3712			248			64			0			1			150		
13392			3776			248			64			0			1			149		
13640			3776			248			64			0			2			150		157		
11904			3840			992			256			4			0			
11904			3840			496			128			4			0			
11904			3840			248			64			0			0			
12152			3840			248			64			0			1			156		
11904			3904			248			64			0			1			138		
12152			3904			248			64			0			2			138		156		
12400			3840			496			128			4			0			
12400			3840			248			64			0			0			
12648			3840			248			64			0			0			
12400			3904			248			64			0			1			138		
12648			3904			248			64			0			1			138		
11904			3968			496			128			4			0			
11904			3968			248			64			0			1			138		
12152			3968			248			64			0			1			138		
11904			4032			248			64			0			1			138		
12152			4032			248			64			0			1			138		
12400			3968			496			128			4			0			
12400			3968			248			64			0			1			138		
12648			3968			248			64			0			1			138		
12400			4032			248			64			0			1			138		
12648			4032			248			64			0			1			138		
12896			3840			992			256			4			0			
12896			3840			496			128			4			0			
12896			3840			248			64			0			0			
13144			3840			248			64			0			1			155		
12896			3904			248			64			0			2			142		144		
13144			3904			248			64			0			4			144		146		151		155		
13392			3840			496			128			4			0			
13392			3840			248			64			0			0			
13640			3840			248			64			0			1			157		
13392			3904			248			64			0			2			151		153		
13640			3904			248			64			0			4			148		152		153		157		
12896			3968			496			128			4			0			
12896			3968			248			64			0			2			170		171		
13144			3968			248			64			0			2			146		171		
12896			4032			248			64			0			2			170		171		
13144			4032			248			64			0			1			171		
13392			3968			496			128			4			0			
13392			3968			248			64			0			1			172		
13640			3968			248			64			0			2			148		173		
13392			4032			248			64			0			0			
13640			4032			248			64			0			0			
13888			3584			1984			512			4			0			
13888			3584			992			256			4			0			
13888			3584			496			128			4			0			
13888			3584			248			64			0			2			150		159		
14136			3584			248			64			0			2			159		161		
13888			3648			248			64			0			2			150		159		
14136			3648			248			64			0			2			159		161		
14384			3584			496			128			4			0			
14384			3584			248			64			0			2			161		162		
14632			3584			248			64			0			2			162		164		
14384			3648			248			64			0			1			161		
14632			3648			248			64			0			1			164		
13888			3712			496			128			4			0			
13888			3712			248			64			0			1			150		
14136			3712			248			64			0			0			
13888			3776			248			64			0			1			150		
14136			3776			248			64			0			0			
14384			3712			496			128			4			0			
14384			3712			248			64			0			0			
14632			3712			248			64			0			1			164		
14384			3776			248			64			0			0			
14632			3776			248			64			0			2			163		164		
14880			3584			992			256			4			0			
14880			3584			496			128			4			0			
14880			3584			248			64			0			1			164		
15128			3584			248			64			0			1			164		
14880			3648			248			64			0			1			164		
15128			3648			248			64			0			1			164		
15376			3584			496			128			4			0			
15376			3584			248			64			0			2			164		167		
15624			3584			248			64			0			3			167		168		169		
15376			3648			248			64			0			1			164		
15624			3648			248			64			0			2			168		169		
14880			3712			496			128			4			0			
14880			3712			248			64			0			1			164		
15128			3712			248			64			0			1			164		
14880			3776			248			64			0			1			164		
15128			3776			248			64			0			2			164		166		
15376			3712			496			128			4			0			
15376			3712			248			64			0			1			164		
15624			3712			248			64			0			2			168		169		
15376			3776			248			64			0			2			164		166		
15624			3776			248			64			0			2			168		169		
13888			3840			992			256			4			0			
13888			3840			496			128			4			0			
13888			3840			248			64			0			1			158		
14136			3840			248			64			0			1			158		
13888			3904			248			64			0			3			154		158		160		
14136			3904			248			64			0			2			158		160		
14384			3840			496			128			4			0			
14384			3840			248			64			0			0			
14632			3840			248			64			0			1			163		
14384			3904			248			64			0			1			160		
14632			3904			248			64			0			3			160		163		165		
13888			3968			496			128			4			0			
13888			3968			248			64			0			2			160		173		
14136			3968			248			64			0			1			160		
13888			4032			248			64			0			0			
14136			4032			248			64			0			0			
14384			3968			496			128			4			0			
14384			3968			248			64			0			1			160		
14632			3968			248			64			0			2			160		165		
14384			4032			248			64			0			0			
14632			4032			248			64			0			0			
14880			3840			992			256			4			0			
14880			3840			496			128			4			0			
14880			3840			248			64			0			0			
15128			3840			248			64			0			1			166		
14880			3904			248			64			0			1			165		
15128			3904			248			64			0			2			165		166		
15376			3840			496			128			4			0			
15376			3840			248			64			0			1			166		
15624			3840			248			64			0			1			168		
15376			3904			248			64			0			2			165		166		
15624			3904			248			64			0			2			165		168		
14880			3968			496			128			4			0			
14880			3968			248			64			0			1			165		
15128			3968			248			64			0			1			165		
14880			4032			248			64			0			0			
15128			4032			248			64			0			0			
15376			3968			496			128			4			0			
15376			3968			248			64			0			1			165		
15624			3968			248			64			0			1			165		
15376			4032			248			64			0			0			
15624			4032			248			64			0			0			
