0			0			15872			4096			4			0			
0			0			7936			2048			4			0			
0			0			3968			1024			0			0			
3968			0			3968			1024			0			0			
0			1024			3968			1024			4			0			
0			1024			1984			512			0			0			
1984			1024			1984			512			0			0			
0			1536			1984			512			0			0			
1984			1536			1984			512			4			0			
1984			1536			992			256			0			0			
2976			1536			992			256			0			0			
1984			1792			992			256			0			0			
2976			1792			992			256			4			0			
2976			1792			496			128			4			0			
2976			1792			248			64			0			0			
3224			1792			248			64			0			0			
2976			1856			248			64			0			0			
3224			1856			248			64			0			1			0		
3472			1792			496			128			4			0			
3472			1792			248			64			0			0			
3720			1792			248			64			0			0			
3472			1856			248			64			0			1			0		
3720			1856			248			64			0			1			0		
2976			1920			496			128			4			0			
2976			1920			248			64			0			0			
3224			1920			248			64			0			1			0		
2976			1984			248			64			0			0			
3224			1984			248			64			0			0			
3472			1920			496			128			4			0			
3472			1920			248			64			0			1			0		
3720			1920			248			64			0			1			0		
3472			1984			248			64			0			0			
3720			1984			248			64			0			0			
3968			1024			3968			1024			4			0			
3968			1024			1984			512			0			0			
5952			1024			1984			512			0			0			
3968			1536			1984			512			4			0			
3968			1536			992			256			0			0			
4960			1536			992			256			0			0			
3968			1792			992			256			4			0			
3968			1792			496			128			4			0			
3968			1792			248			64			0			0			
4216			1792			248			64			0			0			
3968			1856			248			64			0			1			0		
4216			1856			248			64			0			0			
4464			1792			496			128			0			0			
3968			1920			496			128			4			0			
3968			1920			248			64			0			1			0		
4216			1920			248			64			0			0			
3968			1984			248			64			0			0			
4216			1984			248			64			0			0			
4464			1920			496			128			0			0			
4960			1792			992			256			4			0			
4960			1792			496			128			0			0			
5456			1792			496			128			4			0			
5456			1792			248			64			0			0			
5704			1792			248			64			0			0			
5456			1856			248			64			0			1			3		
5704			1856			248			64			0			1			3		
4960			1920			496			128			0			0			
5456			1920			496			128			4			0			
5456			1920			248			64			0			1			3		
5704			1920			248			64			0			1			3		
5456			1984			248			64			0			1			3		
5704			1984			248			64			0			1			3		
5952			1536			1984			512			4			0			
5952			1536			992			256			0			0			
6944			1536			992			256			0			0			
5952			1792			992			256			4			0			
5952			1792			496			128			4			0			
5952			1792			248			64			0			0			
6200			1792			248			64			0			0			
5952			1856			248			64			0			1			1		
6200			1856			248			64			0			1			1		
6448			1792			496			128			4			0			
6448			1792			248			64			0			0			
6696			1792			248			64			0			0			
6448			1856			248			64			0			1			1		
6696			1856			248			64			0			1			1		
5952			1920			496			128			4			0			
5952			1920			248			64			0			2			1		2		
6200			1920			248			64			0			2			1		2		
5952			1984			248			64			0			1			2		
6200			1984			248			64			0			1			2		
6448			1920			496			128			4			0			
6448			1920			248			64			0			2			1		5		
6696			1920			248			64			0			3			1		5		6		
6448			1984			248			64			0			1			5		
6696			1984			248			64			0			2			5		6		
6944			1792			992			256			4			0			
6944			1792			496			128			4			0			
6944			1792			248			64			0			0			
7192			1792			248			64			0			0			
6944			1856			248			64			0			2			7		8		
7192			1856			248			64			0			2			8		9		
7440			1792			496			128			4			0			
7440			1792			248			64			0			0			
7688			1792			248			64			0			0			
7440			1856			248			64			0			1			9		
7688			1856			248			64			0			0			
6944			1920			496			128			4			0			
6944			1920			248			64			0			3			6		7		8		
7192			1920			248			64			0			2			8		9		
6944			1984			248			64			0			2			6		7		
7192			1984			248			64			0			1			9		
7440			1920			496			128			4			0			
7440			1920			248			64			0			1			9		
7688			1920			248			64			0			0			
7440			1984			248			64			0			1			9		
7688			1984			248			64			0			0			
7936			0			7936			2048			0			0			
0			2048			7936			2048			4			0			
0			2048			3968			1024			0			0			
3968			2048			3968			1024			4			0			
3968			2048			1984			512			4			0			
3968			2048			992			256			0			0			
4960			2048			992			256			4			0			
4960			2048			496			128			0			0			
5456			2048			496			128			4			0			
5456			2048			248			64			0			1			3		
5704			2048			248			64			0			1			3		
5456			2112			248			64			0			1			3		
5704			2112			248			64			0			1			3		
4960			2176			496			128			0			0			
5456			2176			496			128			4			0			
5456			2176			248			64			0			1			3		
5704			2176			248			64			0			1			3		
5456			2240			248			64			0			1			3		
5704			2240			248			64			0			1			3		
3968			2304			992			256			0			0			
4960			2304			992			256			4			0			
4960			2304			496			128			0			0			
5456			2304			496			128			4			0			
5456			2304			248			64			0			1			3		
5704			2304			248			64			0			1			3		
5456			2368			248			64			0			2			3		4		
5704			2368			248			64			0			2			3		4		
4960			2432			496			128			0			0			
5456			2432			496			128			4			0			
5456			2432			248			64			0			1			4		
5704			2432			248			64			0			1			4		
5456			2496			248			64			0			0			
5704			2496			248			64			0			0			
5952			2048			1984			512			4			0			
5952			2048			992			256			4			0			
5952			2048			496			128			4			0			
5952			2048			248			64			0			1			2		
6200			2048			248			64			0			1			2		
5952			2112			248			64			0			1			2		
6200			2112			248			64			0			1			2		
6448			2048			496			128			4			0			
6448			2048			248			64			0			1			5		
6696			2048			248			64			0			1			5		
6448			2112			248			64			0			1			5		
6696			2112			248			64			0			1			5		
5952			2176			496			128			4			0			
5952			2176			248			64			0			1			2		
6200			2176			248			64			0			1			2		
5952			2240			248			64			0			1			2		
6200			2240			248			64			0			1			2		
6448			2176			496			128			4			0			
6448			2176			248			64			0			1			5		
6696			2176			248			64			0			1			5		
6448			2240			248			64			0			1			5		
6696			2240			248			64			0			1			5		
6944			2048			992			256			0			0			
5952			2304			992			256			4			0			
5952			2304			496			128			4			0			
5952			2304			248			64			0			1			2		
6200			2304			248			64			0			1			2		
5952			2368			248			64			0			2			2		4		
6200			2368			248			64			0			2			2		4		
6448			2304			496			128			0			0			
5952			2432			496			128			4			0			
5952			2432			248			64			0			1			4		
6200			2432			248			64			0			1			4		
5952			2496			248			64			0			0			
6200			2496			248			64			0			0			
6448			2432			496			128			0			0			
6944			2304			992			256			0			0			
3968			2560			1984			512			0			0			
5952			2560			1984			512			0			0			
0			3072			3968			1024			0			0			
3968			3072			3968			1024			0			0			
7936			2048			7936			2048			0			0			
