181

13
32
368
16
16

13
48
368
16
16

13
64
368
16
16

13
80
368
16
16

13
96
368
16
16

13
112
368
16
16

13
128
368
16
16

13
144
368
16
16

13
160
368
16
16

13
176
368
16
16

13
192
368
16
16

13
208
368
16
16

13
224
368
16
16

13
240
368
16
16

13
256
368
16
16

13
272
368
16
16

13
288
368
16
16

13
304
368
16
16

13
320
368
16
16

13
336
368
16
16

13
352
368
16
16

13
368
368
16
16

13
384
368
16
16

13
400
368
16
16

13
416
368
16
16

13
432
368
16
16

13
448
368
16
16

13
464
368
16
16

13
480
368
16
16

13
496
368
16
16

13
496
384
16
16

13
480
384
16
16

13
480
400
16
16

13
496
400
16
16

13
16
368
16
16

13
16
352
16
16

13
16
336
16
16

13
16
320
16
16

13
16
304
16
16

13
16
288
16
16

13
16
272
16
16

13
16
256
16
16

13
16
240
16
16

13
192
320
16
16

13
208
320
16
16

13
224
304
16
16

13
240
304
16
16

13
256
272
16
16

13
272
272
16
16

13
288
272
16
16

13
304
272
16
16

13
320
272
16
16

13
336
272
16
16

13
336
272
16
16

13
352
272
16
16

13
368
272
16
16

13
384
272
16
16

13
400
272
16
16

13
416
272
16
16

13
432
272
16
16

13
448
272
16
16

13
464
272
16
16

13
480
272
16
16

13
496
272
16
16

13
512
272
16
16

13
544
272
16
16

13
528
272
16
16

13
560
272
16
16

13
576
272
16
16

13
592
272
16
16

13
608
272
16
16

13
624
272
16
16

13
640
272
16
16

13
656
272
16
16

13
672
272
16
16

13
688
272
16
16

13
704
272
16
16

13
720
272
16
16

13
752
272
16
16

13
768
272
16
16

13
768
272
16
16

13
784
272
16
16

13
784
256
16
16

13
784
240
16
16

13
736
256
16
16

13
736
240
16
16

13
512
400
16
16

13
528
400
16
16

13
544
400
16
16

13
560
400
16
16

13
576
400
16
16

13
592
400
16
16

13
608
400
16
16

13
624
400
16
16

13
640
400
16
16

13
656
400
16
16

13
672
400
16
16

13
672
384
16
16

13
672
368
16
16

13
672
352
16
16

13
688
352
16
16

13
704
352
16
16

13
704
336
16
16

13
720
336
16
16

13
736
336
16
16

13
752
336
16
16

13
768
336
16
16

13
768
336
16
16

13
784
336
16
16

13
800
336
16
16

13
816
336
16
16

13
832
304
16
16

13
848
304
16
16

13
864
304
16
16

13
880
304
16
16

13
912
304
16
16

13
896
304
16
16

13
928
304
16
16

13
944
304
16
16

13
960
304
16
16

13
976
304
16
16

13
992
304
16
16

13
1008
304
16
16

13
864
384
16
16

13
880
384
16
16

13
928
384
16
16

13
944
384
16
16

13
992
368
16
16

13
1008
368
16
16

13
1024
368
16
16

13
1040
368
16
16

13
1232
576
16
16

13
800
464
16
16

13
816
464
16
16

13
800
496
16
16

13
816
496
16
16

13
832
496
16
16

13
848
496
16
16

13
864
496
16
16

13
880
496
16
16

13
896
496
16
16

13
912
496
16
16

13
928
496
16
16

13
944
496
16
16

13
960
496
16
16

13
976
496
16
16

13
992
496
16
16

13
1008
496
16
16

13
1024
496
16
16

13
1040
496
16
16

13
1056
464
16
16

13
1072
464
16
16

13
1088
496
16
16

13
1104
496
16
16

13
1120
496
16
16

13
1136
496
16
16

13
1152
496
16
16

13
1168
496
16
16

13
1184
496
16
16

13
1200
496
16
16

13
1216
496
16
16

13
1232
496
16
16

13
1248
496
16
16

13
1264
496
16
16

13
1280
496
16
16

13
1296
496
16
16

13
1312
496
16
16

13
1328
496
16
16

13
1344
496
16
16

13
1360
496
16
16

13
1376
496
16
16

13
1392
496
16
16

13
1408
496
16
16

13
1424
496
16
16

13
1440
496
16
16

13
1456
496
16
16

13
1472
496
16
16

13
1488
496
16
16

13
1504
496
16
16

13
1520
496
16
16

13
1536
496
16
16

